image: multi_slam.map.pgm
resolution: 0.050000
origin: [-9.700000, -9.650000, 0.000000]
negate: 0
occupied_thresh: 0.65
free_thresh: 0.196

